0 0.8265625000000001 0.65625 0.21406250000000002 0.12638888888888888
0 0.6507812500000001 0.6666666666666667 0.125 0.11111111111111112
0 0.55234375 0.6590277777777778 0.084375 0.08194444444444444
0 0.420703125 0.6493055555555556 0.04609375 0.051388888888888894
0 0.32148437500000004 0.6576388888888889 0.03828125 0.043055555555555555
0 0.294921875 0.6597222222222222 0.02890625 0.02777777777777778
0 0.347265625 0.6548611111111111 0.01953125 0.029166666666666667
0 0.38671875 0.6506944444444445 0.021875000000000002 0.043055555555555555
9 0.08085937500000001 0.20208333333333334 0.041406250000000006 0.12916666666666668
2 0.482421875 0.6381944444444445 0.013281250000000001 0.04583333333333334
2 0.49726562500000004 0.6458333333333334 0.013281250000000001 0.05277777777777778
2 0.467578125 0.6395833333333334 0.01171875 0.0375
2 0.452734375 0.6458333333333334 0.01171875 0.036111111111111115
