0 0.71015625 0.7368055555555556 0.140625 0.1902777777777778
0 0.6277343750000001 0.6854166666666667 0.041406250000000006 0.0625
0 0.268359375 0.7006944444444445 0.15546875000000002 0.11805555555555557
0 0.44257812500000004 0.6972222222222223 0.06796875000000001 0.06944444444444445
0 0.35703125 0.6756944444444445 0.060937500000000006 0.07083333333333333
0 0.06992187500000001 0.6791666666666667 0.13671875 0.14166666666666666
0 0.177734375 0.6902777777777778 0.08046875 0.07777777777777778
0 0.48046875 0.6756944444444445 0.035937500000000004 0.043055555555555555
0 0.51953125 0.6680555555555556 0.035937500000000004 0.03888888888888889
0 0.5640625 0.6687500000000001 0.028125 0.0375
0 0.585546875 0.6520833333333333 0.025781250000000002 0.020833333333333336
9 0.65546875 0.5618055555555556 0.0484375 0.04583333333333334
