0 0.5183593750000001 0.607638888888889 0.23828125 0.33472222222222225
0 0.8246093750000001 0.5361111111111111 0.10234375000000001 0.09722222222222222
0 0.947265625 0.6625 0.10546875 0.3055555555555556
0 0.058984375000000006 0.525 0.11640625 0.14444444444444446
0 0.18476562500000002 0.5034722222222222 0.07421875 0.08472222222222223
0 0.260546875 0.4951388888888889 0.09140625000000001 0.08472222222222223
0 0.333984375 0.4902777777777778 0.055468750000000004 0.0638888888888889
0 0.380859375 0.47708333333333336 0.04453125 0.059722222222222225
0 0.7296875 0.5048611111111111 0.0578125 0.0625
0 0.784765625 0.4965277777777778 0.05234375 0.05694444444444444
0 0.69453125 0.4930555555555556 0.034375 0.044444444444444446
0 0.669921875 0.4861111111111111 0.030468750000000003 0.044444444444444446
0 0.64375 0.47847222222222224 0.025 0.03194444444444445
0 0.6234375000000001 0.4708333333333333 0.021875000000000002 0.02777777777777778
2 0.8972656250000001 0.5361111111111111 0.030468750000000003 0.11666666666666667
