0 0.8765625 0.39375 0.246875 0.20972222222222223
0 0.75546875 0.3652777777777778 0.03125 0.13055555555555556
0 0.041015625 0.44097222222222227 0.08046875 0.1375
0 0.2734375 0.4138888888888889 0.0578125 0.0638888888888889
0 0.310546875 0.41458333333333336 0.02109375 0.051388888888888894
0 0.343359375 0.40902777777777777 0.02890625 0.04027777777777778
0 0.36484375 0.4076388888888889 0.015625 0.03194444444444445
0 0.38320312500000003 0.4027777777777778 0.017968750000000002 0.03333333333333333
0 0.39882812500000003 0.4041666666666667 0.01640625 0.025
0 0.41445312500000003 0.4 0.014843750000000001 0.022222222222222223
0 0.53515625 0.40069444444444446 0.06875 0.0625
0 0.6175781250000001 0.39861111111111114 0.16015625 0.08333333333333334
8 0.6359375 0.2791666666666667 0.065625 0.07222222222222223
