0 0.40468750000000003 0.6875 0.2171875 0.35555555555555557
0 0.079296875 0.6972222222222223 0.15703125 0.2777777777777778
0 0.15703125 0.6604166666666667 0.09843750000000001 0.13472222222222222
0 0.23828125 0.6416666666666667 0.09375 0.11944444444444445
0 0.26875 0.6256944444444444 0.035937500000000004 0.07916666666666666
0 0.294140625 0.6201388888888889 0.03359375 0.05416666666666667
9 0.350390625 0.44236111111111115 0.041406250000000006 0.07083333333333333
9 0.16875 0.4305555555555556 0.026562500000000003 0.05277777777777778
8 0.4078125 0.3013888888888889 0.140625 0.125
8 0.29726562500000003 0.5215277777777778 0.04296875 0.051388888888888894
