0 0.34765625 0.42638888888888893 0.30000000000000004 0.6055555555555556
4 0.115625 0.49930555555555556 0.1640625 0.23472222222222222
0 0.051953125 0.638888888888889 0.10234375000000001 0.2638888888888889
2 0.641796875 0.4861111111111111 0.01015625 0.08333333333333334
0 0.7503906250000001 0.48125 0.10546875 0.059722222222222225
0 0.5886718750000001 0.4881944444444445 0.04609375 0.02638888888888889
0 0.546484375 0.49236111111111114 0.03359375 0.02638888888888889
0 0.68671875 0.47847222222222224 0.0328125 0.034722222222222224
2 0.923828125 0.4708333333333333 0.03359375 0.1388888888888889
0 0.859375 0.4527777777777778 0.0703125 0.04166666666666667
