0 0.490234375 0.701388888888889 0.06953125 0.09722222222222222
0 0.8933593750000001 0.8069444444444445 0.21328125 0.3861111111111111
0 0.74609375 0.7645833333333334 0.178125 0.2152777777777778
0 0.6546875000000001 0.7263888888888889 0.0859375 0.14722222222222223
0 0.618359375 0.701388888888889 0.07265625 0.11944444444444445
0 0.578125 0.6958333333333334 0.035937500000000004 0.09444444444444444
0 0.552734375 0.69375 0.01640625 0.05416666666666667
0 0.540234375 0.6916666666666667 0.01015625 0.044444444444444446
0 0.398046875 0.6847222222222222 0.02734375 0.030555555555555558
0 0.44921875 0.6840277777777778 0.021875000000000002 0.03194444444444445
0 0.35625 0.68125 0.0203125 0.029166666666666667
0 0.035937500000000004 0.6993055555555556 0.0703125 0.08750000000000001
0 0.094140625 0.7027777777777778 0.041406250000000006 0.04166666666666667
0 0.137109375 0.6979166666666667 0.03828125 0.0375
0 0.19296875000000002 0.6951388888888889 0.0328125 0.03194444444444445
0 0.219140625 0.6944444444444444 0.02421875 0.02777777777777778
0 0.24609375 0.6951388888888889 0.0234375 0.03194444444444445
0 0.265234375 0.6923611111111111 0.01171875 0.02638888888888889
0 0.288671875 0.6868055555555556 0.025781250000000002 0.020833333333333336
