2 0.448046875 0.75625 0.02109375 0.11805555555555557
0 0.376953125 0.7527777777777778 0.02890625 0.036111111111111115
0 0.15625 0.7375 0.109375 0.13055555555555556
0 0.28203125 0.7375 0.0765625 0.08333333333333334
0 0.38125000000000003 0.7104166666666667 0.0203125 0.034722222222222224
0 0.37031250000000004 0.6763888888888889 0.0328125 0.022222222222222223
0 0.41250000000000003 0.6743055555555556 0.03125 0.02638888888888889
0 0.384375 0.6479166666666667 0.03125 0.020833333333333336
0 0.375 0.6375000000000001 0.018750000000000003 0.016666666666666666
0 0.36562500000000003 0.6215277777777778 0.026562500000000003 0.015277777777777779
0 0.36171875000000003 0.6041666666666667 0.0328125 0.022222222222222223
0 0.248828125 0.63125 0.055468750000000004 0.04861111111111111
0 0.29453125 0.6506944444444445 0.034375 0.020833333333333336
0 0.47109375000000003 0.7826388888888889 0.0546875 0.07916666666666666
0 0.5609375 0.7895833333333334 0.08750000000000001 0.0625
