8 0.641796875 0.5048611111111111 0.022656250000000003 0.05416666666666667
9 0.54453125 0.5243055555555556 0.015625 0.020833333333333336
0 0.12265625000000001 0.6875 0.24375000000000002 0.24166666666666667
0 0.27773437500000003 0.6520833333333333 0.07421875 0.043055555555555555
0 0.357421875 0.638888888888889 0.057031250000000006 0.03333333333333333
0 0.441015625 0.6298611111111111 0.02890625 0.07083333333333333
0 0.48203125 0.6270833333333333 0.0671875 0.10416666666666667
0 0.409765625 0.6215277777777778 0.030468750000000003 0.0375
0 0.548046875 0.6055555555555556 0.017968750000000002 0.030555555555555558
0 0.56796875 0.6055555555555556 0.0140625 0.025
0 0.96484375 0.6347222222222223 0.0703125 0.13333333333333333
0 0.93515625 0.5979166666666667 0.1296875 0.17083333333333334
0 0.912109375 0.5951388888888889 0.15546875000000002 0.14583333333333334
0 0.8562500000000001 0.5993055555555555 0.15000000000000002 0.1486111111111111
0 0.818359375 0.5895833333333333 0.13046875 0.12083333333333333
0 0.745703125 0.6 0.06796875000000001 0.08611111111111111
2 0.6667968750000001 0.6152777777777778 0.01171875 0.0638888888888889
2 0.680859375 0.6173611111111111 0.01171875 0.05416666666666667
0 0.515625 0.6138888888888889 0.010937500000000001 0.025
0 0.52734375 0.6131944444444445 0.009375000000000001 0.02638888888888889
