0 0.89375 0.7541666666666667 0.21250000000000002 0.2555555555555556
0 0.730078125 0.6916666666666667 0.14921875 0.20555555555555557
0 0.6488281250000001 0.6708333333333334 0.055468750000000004 0.11388888888888889
0 0.6019531250000001 0.6583333333333333 0.06640625 0.075
0 0.578515625 0.6319444444444444 0.057031250000000006 0.09166666666666667
0 0.5484375 0.638888888888889 0.026562500000000003 0.04722222222222222
0 0.5339843750000001 0.6291666666666667 0.01953125 0.05
0 0.24140625000000002 0.6347222222222223 0.053125000000000006 0.061111111111111116
0 0.312109375 0.6256944444444444 0.03359375 0.04583333333333334
0 0.2765625 0.61875 0.037500000000000006 0.07361111111111111
0 0.128515625 0.6486111111111111 0.07421875 0.07777777777777778
