2 0.14609375 0.30972222222222223 0.026562500000000003 0.09722222222222222
0 0.69921875 0.43819444444444444 0.08125 0.10138888888888889
0 0.7917968750000001 0.4604166666666667 0.09296875 0.09861111111111112
0 0.543359375 0.3791666666666667 0.047656250000000004 0.08055555555555556
0 0.625 0.39513888888888893 0.0203125 0.03194444444444445
0 0.48046875 0.37777777777777777 0.0390625 0.04722222222222222
0 0.170703125 0.28194444444444444 0.07734375 0.08055555555555556
0 0.08085937500000001 0.2625 0.039843750000000004 0.04722222222222222
0 0.603515625 0.3784722222222222 0.01953125 0.034722222222222224
9 0.40234375 0.25833333333333336 0.0125 0.036111111111111115
9 0.35078125000000004 0.059722222222222225 0.0390625 0.07222222222222223
8 0.0625 0.12916666666666668 0.035937500000000004 0.0638888888888889
