0 0.47695312500000003 0.5041666666666667 0.055468750000000004 0.07222222222222223
0 0.566015625 0.5159722222222223 0.057031250000000006 0.059722222222222225
0 0.307421875 0.5104166666666667 0.05078125 0.05694444444444444
0 0.12421875 0.6409722222222223 0.240625 0.22916666666666669
0 0.20859375000000002 0.5340277777777778 0.078125 0.08194444444444444
0 0.274609375 0.5111111111111112 0.030468750000000003 0.036111111111111115
0 0.029687500000000002 0.5465277777777778 0.053125000000000006 0.08472222222222223
0 0.42031250000000003 0.5069444444444444 0.0390625 0.05277777777777778
0 0.38828125 0.5006944444444444 0.0421875 0.029166666666666667
0 0.3453125 0.49930555555555556 0.0140625 0.015277777777777779
0 0.128515625 0.5125000000000001 0.055468750000000004 0.03888888888888889
0 0.529296875 0.5131944444444445 0.017968750000000002 0.04583333333333334
0 0.516796875 0.5104166666666667 0.01640625 0.04027777777777778
