0 0.431640625 0.6569444444444444 0.32734375000000004 0.38333333333333336
0 0.958984375 0.8027777777777778 0.08203125 0.27222222222222225
0 0.8718750000000001 0.5701388888888889 0.25625000000000003 0.24305555555555555
0 0.716015625 0.48958333333333337 0.11015625000000001 0.1375
0 0.515234375 0.4791666666666667 0.15390625000000002 0.2111111111111111
0 0.66328125 0.48125 0.0203125 0.07083333333333333
0 0.6531250000000001 0.4701388888888889 0.018750000000000003 0.0625
0 0.601171875 0.45763888888888893 0.02890625 0.06527777777777778
0 0.62421875 0.45208333333333334 0.025 0.051388888888888894
0 0.962890625 0.46597222222222223 0.07421875 0.09583333333333334
0 0.7937500000000001 0.4604166666666667 0.043750000000000004 0.034722222222222224
