0 0.869140625 0.6819444444444445 0.26171875 0.33055555555555555
2 0.7527343750000001 0.5638888888888889 0.04296875 0.125
0 0.531640625 0.5270833333333333 0.030468750000000003 0.05694444444444444
0 0.478515625 0.5291666666666667 0.02890625 0.044444444444444446
0 0.499609375 0.5201388888888889 0.014843750000000001 0.02638888888888889
0 0.29453125 0.5555555555555556 0.078125 0.07777777777777778
0 0.34023437500000003 0.5444444444444445 0.03828125 0.061111111111111116
0 0.36367187500000003 0.5375 0.02421875 0.04722222222222222
0 0.385546875 0.53125 0.02734375 0.043055555555555555
0 0.40664062500000003 0.5263888888888889 0.017968750000000002 0.030555555555555558
0 0.4296875 0.5243055555555556 0.0140625 0.018055555555555557
9 0.464453125 0.14375000000000002 0.049218750000000006 0.08750000000000001
9 0.33320312500000004 0.26875 0.03828125 0.06805555555555556
9 0.64609375 0.39305555555555555 0.015625 0.05277777777777778
