2 0.8921875 0.35694444444444445 0.035937500000000004 0.16666666666666669
2 0.8207031250000001 0.33472222222222225 0.01640625 0.075
2 0.80234375 0.3402777777777778 0.0140625 0.06944444444444445
2 0.743359375 0.32430555555555557 0.013281250000000001 0.06805555555555556
2 0.759375 0.32222222222222224 0.010937500000000001 0.06666666666666667
2 0.76953125 0.325 0.009375000000000001 0.061111111111111116
2 0.7800781250000001 0.32222222222222224 0.0054687500000000005 0.058333333333333334
2 0.7269531250000001 0.30486111111111114 0.01171875 0.04861111111111111
2 0.9515625000000001 0.3541666666666667 0.0171875 0.0638888888888889
2 0.971875 0.3548611111111111 0.029687500000000002 0.07083333333333333
2 0.9851562500000001 0.35625 0.0234375 0.06805555555555556
0 0.702734375 0.33819444444444446 0.06796875000000001 0.06805555555555556
0 0.6527343750000001 0.31319444444444444 0.05390625 0.06805555555555556
0 0.61484375 0.3055555555555556 0.0390625 0.05277777777777778
9 0.623046875 0.10277777777777779 0.01640625 0.04722222222222222
9 0.70234375 0.10416666666666667 0.015625 0.04722222222222222
0 0.54296875 0.2715277777777778 0.0328125 0.05694444444444444
0 0.494921875 0.2715277777777778 0.013281250000000001 0.018055555555555557
0 0.4609375 0.27222222222222225 0.018750000000000003 0.019444444444444445
8 0.7957031250000001 0.17916666666666667 0.02890625 0.022222222222222223
