0 0.68671875 0.5972222222222222 0.209375 0.22222222222222224
0 0.447265625 0.5625 0.09296875 0.13055555555555556
0 0.524609375 0.5423611111111112 0.06640625 0.08750000000000001
0 0.20078125000000002 0.5263888888888889 0.09843750000000001 0.11111111111111112
0 0.32734375000000004 0.5118055555555556 0.028125 0.02638888888888889
0 0.252734375 0.50625 0.03671875 0.04583333333333334
0 0.134375 0.5020833333333333 0.0203125 0.020833333333333336
0 0.063671875 0.49930555555555556 0.025781250000000002 0.020833333333333336
0 0.08359375000000001 0.49930555555555556 0.018750000000000003 0.020833333333333336
0 0.026953125 0.49930555555555556 0.02890625 0.02361111111111111
8 0.38828125 0.48333333333333334 0.1078125 0.02777777777777778
