0 0.505859375 0.6722222222222223 0.17421875 0.25277777777777777
2 0.784765625 0.6423611111111112 0.039843750000000004 0.18194444444444446
2 0.8640625000000001 0.6208333333333333 0.0421875 0.18611111111111112
2 0.9750000000000001 0.65 0.05 0.4027777777777778
0 0.675390625 0.6166666666666667 0.19921875 0.1388888888888889
0 0.917578125 0.5868055555555556 0.05390625 0.12638888888888888
8 0.366796875 0.41597222222222224 0.041406250000000006 0.07361111111111111
9 0.1171875 0.1638888888888889 0.018750000000000003 0.08611111111111111
2 0.33515625000000004 0.6159722222222223 0.0140625 0.059722222222222225
2 0.35859375000000004 0.6194444444444445 0.0125 0.08333333333333334
0 0.253125 0.6319444444444444 0.043750000000000004 0.05
0 0.29726562500000003 0.61875 0.025781250000000002 0.043055555555555555
0 0.2765625 0.6243055555555556 0.025 0.043055555555555555
