0 0.21796875000000002 0.6527777777777778 0.07500000000000001 0.06666666666666667
0 0.41484375 0.6347222222222223 0.026562500000000003 0.04166666666666667
0 0.940625 0.6597222222222222 0.11875000000000001 0.1388888888888889
0 0.8617187500000001 0.6541666666666667 0.1078125 0.10555555555555556
0 0.52265625 0.6444444444444445 0.03125 0.05
0 0.496875 0.64375 0.0125 0.020833333333333336
0 0.4375 0.6451388888888889 0.0171875 0.02361111111111111
0 0.45078125 0.6451388888888889 0.010937500000000001 0.029166666666666667
0 0.39687500000000003 0.6506944444444445 0.009375000000000001 0.015277777777777779
0 0.6625000000000001 0.6361111111111112 0.07187500000000001 0.03888888888888889
8 0.7761718750000001 0.49722222222222223 0.057031250000000006 0.1
