4 0.455859375 0.55 0.03515625 0.08611111111111111
0 0.28359375000000003 0.5472222222222223 0.034375 0.025
0 0.340625 0.5493055555555556 0.0140625 0.015277777777777779
0 0.23554687500000002 0.5444444444444445 0.02109375 0.025
0 0.190234375 0.5506944444444445 0.041406250000000006 0.03194444444444445
0 0.16718750000000002 0.5444444444444445 0.0328125 0.03333333333333333
0 0.13125 0.5430555555555556 0.035937500000000004 0.036111111111111115
0 0.065625 0.5444444444444445 0.060937500000000006 0.036111111111111115
0 0.48750000000000004 0.5479166666666667 0.010937500000000001 0.0125
0 0.39921875 0.5368055555555555 0.0140625 0.018055555555555557
0 0.416796875 0.5423611111111112 0.01015625 0.009722222222222222
0 0.5078125 0.5395833333333333 0.0078125 0.018055555555555557
