0 0.35078125000000004 0.7027777777777778 0.24375000000000002 0.29444444444444445
0 0.6042968750000001 0.638888888888889 0.09609375 0.1277777777777778
0 0.712890625 0.6458333333333334 0.11484375000000001 0.13333333333333333
0 0.9066406250000001 0.7125 0.18671875000000002 0.3
0 0.56171875 0.6006944444444444 0.059375000000000004 0.09583333333333334
0 0.22617187500000002 0.65625 0.16953125000000002 0.16805555555555557
0 0.46796875000000004 0.6451388888888889 0.0421875 0.15416666666666667
0 0.5066406250000001 0.5861111111111111 0.05234375 0.04722222222222222
9 0.55703125 0.45555555555555555 0.015625 0.02777777777777778
9 0.48515625 0.4479166666666667 0.0171875 0.034722222222222224
