9 0.394140625 0.3027777777777778 0.030468750000000003 0.06666666666666667
8 0.843359375 0.32222222222222224 0.09140625000000001 0.18611111111111112
0 0.20468750000000002 0.7527777777777778 0.39687500000000003 0.48888888888888893
0 0.346484375 0.5986111111111111 0.10078125 0.16111111111111112
0 0.46796875000000004 0.5861111111111111 0.060937500000000006 0.08055555555555556
2 0.649609375 0.6173611111111111 0.02421875 0.09305555555555556
0 0.81796875 0.6027777777777777 0.2328125 0.14444444444444446
2 0.9382812500000001 0.6708333333333334 0.051562500000000004 0.3277777777777778
2 0.6109375 0.5881944444444445 0.0140625 0.06805555555555556
2 0.58046875 0.5847222222222223 0.021875000000000002 0.08333333333333334
2 0.6351562500000001 0.59375 0.015625 0.08194444444444444
