8 0.765625 0.23680555555555557 0.045312500000000006 0.09583333333333334
0 0.13984375000000002 0.5715277777777777 0.278125 0.2625
0 0.345703125 0.4743055555555556 0.07578125000000001 0.10416666666666667
0 0.4375 0.47222222222222227 0.053125000000000006 0.08333333333333334
0 0.540234375 0.46805555555555556 0.06015625 0.075
0 0.48281250000000003 0.45416666666666666 0.0203125 0.02777777777777778
0 0.505078125 0.4638888888888889 0.02109375 0.044444444444444446
0 0.280859375 0.4479166666666667 0.03671875 0.059722222222222225
0 0.38906250000000003 0.45 0.05 0.08055555555555556
2 0.628515625 0.4618055555555556 0.02734375 0.12083333333333333
8 0.648046875 0.26180555555555557 0.039843750000000004 0.06527777777777778
